4294967279,556
4294967278,360
4294967279,555
40,5
38,5
40,4
40,3
40,2
40,1
40,0
39,4
39,3
39,2
39,1
39,0
4294967279,554
38,4
38,3
38,2
38,1
38,0
4294967279,553
4294967278,359
4294967279,552
4294967278,358
4294967278,357
4294967279,551
4294967279,550
4294967278,356
4294967278,355
37,5
4294967278,354
4294967279,549
4294967279,548
35,5
37,4
37,3
37,2
37,1
37,0
36,4
36,3
36,2
36,1
36,0
4294967278,353
35,4
35,3
35,2
35,1
35,0
4294967278,352
4294967279,547
4294967278,351
4294967279,546
4294967279,545
4294967278,350
4294967278,349
4294967279,544
4294967279,543
34,5
4294967278,348
32,5
34,4
34,3
34,2
34,1
34,0
33,4
33,3
33,2
33,1
33,0
4294967279,542
32,4
32,3
32,2
32,1
32,0
4294967279,541
4294967279,540
4294967279,539
4294967278,347
4294967278,346
4294967279,538
4294967278,345
4294967279,537
4294967279,536
4294967278,344
4294967278,343
4294967278,342
4294967278,341
31,5
29,5
31,4
31,3
31,2
31,1
31,0
30,4
30,3
30,2
30,1
30,0
29,4
29,3
29,2
29,1
29,0
4294967279,535
4294967293,131
4294967293,130
4294967293,129
4294967293,128
4294967293,127
4294967293,126
4294967293,125
4294967293,124
4294967293,123
4294967293,122
4294967293,121
4294967293,120
4294967293,119
4294967293,118
4294967293,117
4294967293,116
4294967293,115
4294967293,114
4294967293,113
4294967293,112
4294967293,111
4294967293,110
4294967293,109
4294967293,108
4294967293,107
4294967293,106
4294967293,105
4294967293,104
4294967293,103
4294967293,102
4294967293,101
4294967293,100
4294967293,99
4294967293,98
4294967293,97
4294967293,96
4294967293,95
4294967293,94
4294967293,93
4294967293,92
4294967293,91
4294967293,90
4294967293,89
4294967293,88
4294967293,87
4294967293,86
4294967293,85
4294967293,84
4294967293,83
4294967293,82
4294967293,81
4294967293,80
4294967293,79
4294967293,78
4294967293,77
4294967293,76
4294967293,75
4294967293,74
4294967293,73
4294967293,72
4294967293,71
4294967293,70
4294967293,69
4294967293,68
4294967293,67
4294967293,66
4294967293,65
4294967293,64
4294967293,63
4294967293,62
4294967293,61
4294967293,60
4294967293,59
4294967293,58
4294967293,57
4294967293,56
4294967293,55
4294967293,54
4294967293,53
4294967293,52
4294967293,51
4294967293,50
4294967293,49
4294967293,48
4294967293,47
4294967293,46
4294967293,45
4294967293,44
4294967293,43
4294967293,42
4294967293,41
4294967293,40
4294967293,39
4294967293,38
4294967293,37
4294967293,36
4294967293,35
4294967293,34
4294967293,33
4294967293,32
4294967293,31
4294967293,30
4294967293,29
4294967293,28
4294967293,27
4294967293,26
4294967293,25
4294967293,24
4294967293,23
4294967293,22
4294967293,21
4294967293,20
4294967293,19
4294967293,18
4294967293,17
4294967293,16
4294967293,15
4294967293,14
4294967293,13
4294967293,12
4294967293,11
4294967293,10
4294967293,9
4294967293,8
4294967293,7
4294967293,6
4294967293,5
4294967293,4
4294967293,3
4294967293,2
4294501266,0
4294501265,0
4294501264,0
4294501263,0
4294501262,0
4294501261,0
4294501260,0
4294501259,0
4294501258,0
4294501257,0
4294967293,0
4294967278,180
4294967278,66
4294967278,314
4294967278,179
4294967278,65
4294967278,178
4294967278,64
4294967278,177
4294967278,63
4294967278,313
4294967278,176
4294967278,62
4294967278,175
4294967278,61
4294967278,173
4294967278,60
4294967278,312
4294967278,172
4294967278,59
4294967278,310
4294967278,171
4294967278,58
4294967278,311
4294967278,170
4294967278,57
4294967278,308
4294967278,169
4294967278,56
4294967278,309
4294967278,168
4294967278,55
4294967278,306
4294967278,167
4294967278,54
4294967278,307
4294967278,166
4294967278,53
4294967278,165
4294967278,52
4294967278,305
4294967278,164
4294967278,51
4294967278,304
4294967278,163
4294967278,50
4294967278,162
4294967278,49
4294967278,161
4294967278,48
4294967278,303
4294967278,160
4294967278,47
4294967278,302
4294967278,159
4294967278,46
